function [ptask,med_low,med_high,semed_low,semed_high,med_diff,semed_diff]=data_anxiety_piray2019

med_diff = [0.0744    0.0287];
semed_diff = [0.0232    0.0251];

med_low = [ 0.7586    0.6667];
med_high = [ 0.6724    0.6500];
semed_low = [0.0300    0.0189];
semed_high = [0.0322    0.0295];

ptask = [
    0.5000
    0.5000
    0.5000
    0.5000
    0.2000
    0.2000
    0.2000
    0.2000
    0.2000
    0.2000
    0.2000
    0.2000
    0.2000
    0.2000
    0.2000
    0.2000
    0.5000
    0.5000
    0.5000
    0.5000
    0.5000
    0.5000
    0.2000
    0.2000
    0.2000
    0.2000
    0.2000
    0.2000
    0.2000
    0.2000
    0.2000
    0.2000
    0.2000
    0.2000
    0.2000
    0.2000
    0.2000
    0.2000
    0.2000
    0.2000
    0.5000
    0.5000
    0.5000
    0.5000
    0.8000
    0.8000
    0.8000
    0.8000
    0.8000
    0.8000
    0.8000
    0.8000
    0.8000
    0.8000
    0.8000
    0.8000
    0.8000
    0.8000
    0.8000
    0.5000
    0.5000
    0.5000
    0.5000
    0.5000
    0.5000
    0.2000
    0.2000
    0.2000
    0.2000
    0.2000
    0.2000
    0.2000
    0.2000
    0.2000
    0.2000
    0.2000
    0.2000
    0.2000
    0.2000
    0.2000
    0.5000
    0.5000
    0.8000
    0.8000
    0.8000
    0.8000
    0.8000
    0.8000
    0.8000
    0.8000
    0.8000
    0.8000
    0.8000
    0.8000
    0.5000
    0.5000
    0.5000
    0.5000
    0.5000
    0.5000
    0.5000
    0.5000
    0.8000
    0.8000
    0.8000
    0.8000
    0.8000
    0.8000
    0.8000
    0.8000
    0.8000
    0.8000
    0.8000
    0.8000
    0.8000
    0.8000
    0.8000
    0.8000
    0.8000
    0.8000
];    

end