function [omission, control]=data_conditioned_suppression
% Extracted from Fig 1 of Hall and Pearce, 1982
% 2.2081425169444953, 0.5169902912621358
% 2.7915369115222566, 0.13025889967637538
% 3.3849835134640047, 0.09870550161812297
% 3.989054771936252, 0.10922330097087374
% 2.202532515112658, 0.31877022653721676
% 2.7904607070892107, 0.2588996763754045
% 3.3872962080967213, 0.18042071197410997
% 3.9881159553031686, 0.07605177993527507

%  T/T0/T+
filled = [0.5169902912621358, 0.13025889967637538, 0.09870550161812297, 0.10922330097087374];
omission = filled;

%  T/T+
nofill = [0.31877022653721676, 0.2588996763754045, 0.18042071197410997, 0.07605177993527507];
control = nofill;
end