function [m, e] = data_anxiety_huang
% Extracted from Huang et al, 2017, Biological Psychiatry

m = [0.8946717469641182 0.89873681659247 0.3168223666154595 0.4211846978019038];
e = [0.9156297560958222 0.9159505419498789 0.3527468179825418 0.4361547043245496] - m;



end