function [ptask,med_low,med_high,semed_low,semed_high,data_low, data_high]=data_anxiety_piray2019

% 1st column: stable; 2nd column: volatile
data_low = [
    0.6897    0.6250
    0.8448    0.8167
    0.7069    0.6417
    0.4828    0.5167
    0.6897    0.6417
    0.8621    0.7083
    0.8793    0.7333
    0.7586    0.5667
    0.8621    0.7083
    0.8448    0.6667
    0.8276    0.5917
    0.7069    0.7167
    0.6207    0.6583
    0.7241    0.6750
    0.8276    0.8500
    0.7241    0.6083
    0.7759    0.6667
    0.6379    0.4917
    0.4828    0.4083
    0.7586    0.6417
    0.7931    0.7333
    0.7241    0.6833
    0.8103    0.7167
];

data_high = [
    0.6724    0.7333
    0.6207    0.6250
    0.5517    0.6250
    0.8793    0.8083
    0.9483    0.7833
    0.6034    0.6250
    0.6724    0.6083
    0.7414    0.6417
    0.5862    0.5917
    0.7069    0.6000
    0.8621    0.7167
    0.6552    0.7167
    0.7586    0.6500
    0.8621    0.8333
    0.6379    0.6667
    0.6552    0.6083
    0.7414    0.6833
    0.5690    0.5417
    0.6552    0.7333
    0.5517    0.5667
    0.7586    0.7083
];

med_low = [ 0.7586    0.6667];
med_high = [ 0.6724    0.6500];
semed_low = [0.0300    0.0189];
semed_high = [0.0322    0.0295];

ptask = [
    0.5000
    0.5000
    0.5000
    0.5000
    0.2000
    0.2000
    0.2000
    0.2000
    0.2000
    0.2000
    0.2000
    0.2000
    0.2000
    0.2000
    0.2000
    0.2000
    0.5000
    0.5000
    0.5000
    0.5000
    0.5000
    0.5000
    0.2000
    0.2000
    0.2000
    0.2000
    0.2000
    0.2000
    0.2000
    0.2000
    0.2000
    0.2000
    0.2000
    0.2000
    0.2000
    0.2000
    0.2000
    0.2000
    0.2000
    0.2000
    0.5000
    0.5000
    0.5000
    0.5000
    0.8000
    0.8000
    0.8000
    0.8000
    0.8000
    0.8000
    0.8000
    0.8000
    0.8000
    0.8000
    0.8000
    0.8000
    0.8000
    0.8000
    0.8000
    0.5000
    0.5000
    0.5000
    0.5000
    0.5000
    0.5000
    0.2000
    0.2000
    0.2000
    0.2000
    0.2000
    0.2000
    0.2000
    0.2000
    0.2000
    0.2000
    0.2000
    0.2000
    0.2000
    0.2000
    0.2000
    0.5000
    0.5000
    0.8000
    0.8000
    0.8000
    0.8000
    0.8000
    0.8000
    0.8000
    0.8000
    0.8000
    0.8000
    0.8000
    0.8000
    0.5000
    0.5000
    0.5000
    0.5000
    0.5000
    0.5000
    0.5000
    0.5000
    0.8000
    0.8000
    0.8000
    0.8000
    0.8000
    0.8000
    0.8000
    0.8000
    0.8000
    0.8000
    0.8000
    0.8000
    0.8000
    0.8000
    0.8000
    0.8000
    0.8000
    0.8000
];    

end