function [trait, relative_llr, loglrs] = data_anxiety_browning
% Source data file 1 of Browning et al, 2015

% trait anxiety	Difference in log learning rate (volatile-stable)	standard deviation of differences of model fit

x = [
26	0.031184978	0.120904403
53	0.735576183	0.604181496
20	2.034411358	0.707093657
58	0.48778656	0.234088361
50	0.399829538	0.948605494
28	-0.418055758	0.21465187
54	0.434602109	0.657713659
58	0.428107523	0.750952855
45	0.548498882	1.070539613
30	2.222346792	0.380833489
27	1.357429771	0.971065609
27	1.704377829	0.87262912
46	0.922234295	0.359515904
66	-0.231660161	0.224450276
49	-0.0450133	0.172787183
61	-1.076378444	1.085849081
44	1.017731097	0.682215861
27	0.903643827	0.746580515
44	1.023118129	0.654941703
38	0.066694191	0.860929694
42	0.086501274	0.594158794
61	-0.02537734	0.205249681
23	0.510543872	0.665991405
33	0.442597619	0.224765056
31	0.198878852	0.135047856
37	0.715364871	1.119020582
25	-0.238416735	0.150303122
47	0.67296638	1.060721446
69	0.117248498	0.32376473
54	0.523274129	0.194185265
];

trait = x(:,1);
relative_llr = x(:,2);

% fitted log-lr for stable and vol blocks
loglrs = [
-0.865597618	-0.834480357
-1.630150954	-0.89452924
-3.241632812	-1.205974807
-1.623536837	-1.135691297
-2.603690186	-2.204551353
-0.913295223	-1.33142746
-1.597015392	-1.162511015
-1.950520762	-1.522343206
-2.672200548	-2.123602437
-4.135166557	-1.914605299
-3.244193633	-1.887169654
-2.937463365	-1.233058385
-1.395940738	-0.473851021
-1.401611065	-1.633218441
-0.846531487	-0.891598119
-2.309609708	-3.384340265
-2.80016549	-1.783196239
-1.786175091	-0.882372514
-2.111138628	-1.087672349
-3.081290162	-3.013896244
-1.371208724	-1.284460055
-1.163470861	-1.188755839
-2.338212271	-1.828216006
-0.893795654	-0.451142622
-1.5711792	-1.371997056
-2.788718104	-2.073857163
-1.095716486	-1.33408149
-2.656406968	-1.983404353
-1.597015392	-1.480165577
-1.250016743	-0.726703964
];
end